1 0.025 0 0
2 0.075 0 0
3 0.125 0 0
4 0.175 0 0
5 0.225 0 0
6 0.275 0 0
7 0.325 0 0
8 0.375 0 0
9 0.425 0 0
10 0.475 0 0
11 0.525 0 0
12 0.575 0 0
13 0.625 0 0
14 0.675 0 0
15 0.725 0 0
16 0.775 0 0
17 0.825 0 0
18 0.875 0 0
19 0.925 0 0
20 0.975 0.0069414 0.0035
21 1.025 0.31135 0.177
22 1.075 2.01083 1.4095
23 1.125 3.84573 3.991
24 1.175 3.88598 6.8365
25 1.225 2.78056 9.0495
26 1.275 1.71718 10.53
27 1.325 0.869395 11.3395
28 1.375 0.427347 11.768
29 1.425 0.197319 11.9805
30 1.475 0.195869 12.2065
31 1.525 0.286612 12.56
32 1.575 0.520306 13.2445
33 1.625 0.675513 14.1905
34 1.675 0.772221 15.3395
35 1.725 0.676461 16.407
36 1.775 0.515301 17.268
37 1.825 0.401399 17.977
38 1.875 0.563713 19.028
39 1.925 1.02103 21.0345
40 1.975 1.66587 24.4805
41 2.025 2.10218 29.052
42 2.075 2.02969 33.6865
43 2.125 1.59037 37.495
44 2.175 1.07265 40.186
45 2.225 0.804831 42.299
46 2.275 0.765654 44.4005
47 2.325 0.820287 46.752
48 2.375 0.84378 49.276
49 2.425 0.79716 51.762
50 2.475 0.741421 54.1705
