1 0.025 0 0
2 0.075 0 0
3 0.125 0 0
4 0.175 0 0
5 0.225 0 0
6 0.275 0 0
7 0.325 0 0
8 0.375 0 0
9 0.425 0 0
10 0.475 0 0
11 0.525 0 0
12 0.575 0 0
13 0.625 0 0
14 0.675 0 0
15 0.725 0 0
16 0.775 0 0
17 0.825 0 0
18 0.875 0 0
19 0.925 0.00440681 0.002
20 0.975 0.159652 0.0825
21 1.025 1.22835 0.767
22 1.075 2.64548 2.3885
23 1.125 3.31539 4.614
24 1.175 2.78253 6.6515
25 1.225 2.11024 8.331
26 1.275 1.46085 9.5905
27 1.325 1.04016 10.559
28 1.375 0.685152 11.246
29 1.425 0.526492 11.813
30 1.475 0.465406 12.35
31 1.525 0.434174 12.8855
32 1.575 0.487621 13.527
33 1.625 0.535911 14.2775
34 1.675 0.60084 15.1715
35 1.725 0.596299 16.1125
36 1.775 0.656844 17.21
37 1.825 0.755242 18.544
38 1.875 0.949354 20.314
39 1.925 1.21668 22.705
40 1.975 1.4754 25.757
41 2.025 1.55014 29.128
42 2.075 1.50086 32.555
43 2.125 1.35068 35.7895
44 2.175 1.21217 38.8305
45 2.225 1.09183 41.697
46 2.275 0.965128 44.346
47 2.325 0.904182 46.938
48 2.375 0.858323 49.5055
49 2.425 0.851512 52.161
50 2.475 0.838697 54.8855
