1 0.025 0 0
2 0.075 0 0
3 0.125 0 0
4 0.175 0 0
5 0.225 0 0
6 0.275 0 0
7 0.325 0 0
8 0.375 0 0
9 0.425 0 0
10 0.475 0 0
11 0.525 0 0
12 0.575 0 0
13 0.625 0 0
14 0.675 0 0
15 0.725 0 0
16 0.775 0 0
17 0.825 0 0
18 0.875 0 0
19 0.925 0.0231357 0.0105
20 0.975 0.541429 0.2835
21 1.025 1.89143 1.3375
22 1.075 2.83637 3.076
23 1.125 2.74035 4.9155
24 1.175 2.2745 6.581
25 1.225 1.68052 7.9185
26 1.275 1.25149 8.9975
27 1.325 0.949944 9.882
28 1.375 0.806325 10.6905
29 1.425 0.643955 11.384
30 1.475 0.613175 12.0915
31 1.525 0.552549 12.773
32 1.575 0.552232 13.4995
33 1.625 0.596608 14.335
34 1.675 0.628396 15.27
35 1.725 0.701175 16.3765
36 1.775 0.812452 17.734
37 1.825 0.929616 19.376
38 1.875 1.0703 21.3715
39 1.925 1.15816 23.6475
40 1.975 1.24264 26.218
41 2.025 1.29009 29.0235
42 2.075 1.2913 31.972
43 2.125 1.29806 35.0805
44 2.175 1.21755 38.135
45 2.225 1.13373 41.1115
46 2.275 1.06678 44.0395
47 2.325 0.985286 46.864
48 2.375 0.916658 49.606
49 2.425 0.863376 52.2985
50 2.475 0.824075 54.9755
