1 0.048 0 0
2 0.144 0 0
3 0.24 0 0
4 0.336 0 0
5 0.432 0 0
6 0.528 0 0
7 0.624 0 0
8 0.72 0 0
9 0.816 0 0
10 0.912 0 0
11 1.008 0 0
12 1.104 0 0
13 1.2 0 0
14 1.296 0 0
15 1.392 0 0
16 1.488 0 0
17 1.584 0 0
18 1.68 0 0
19 1.776 0 0
20 1.872 0 0
21 1.968 0 0
22 2.064 0 0
23 2.16 0.00644662 0.0025
24 2.256 0.165472 0.0725
25 2.352 1.71 0.85875
26 2.448 11.4412 6.5575
27 2.544 4.96824 9.23
28 2.64 1.89245 10.3262
29 2.736 0.578624 10.6862
30 2.832 0.185647 10.81
31 2.928 0.0684171 10.8587
32 3.024 0.0608531 10.905
33 3.12 0.0448059 10.9412
34 3.216 0.0945214 11.0225
35 3.312 0.227603 11.23
36 3.408 0.582728 11.7925
37 3.504 2.42422 14.2662
38 3.6 0.928411 15.2662
39 3.696 0.426092 15.75
40 3.792 0.194551 15.9825
41 3.888 0.159194 16.1825
42 3.984 0.169619 16.4062
43 4.08 0.39213 16.9488
44 4.176 1.26437 18.7812
45 4.272 5.63711 27.3313
46 4.368 2.62587 31.495
47 4.464 1.43935 33.8788
48 4.56 0.677758 35.05
49 4.656 0.424611 35.815
50 4.752 0.390311 36.5475
