1 0.048 0 0
2 0.144 0 0
3 0.24 0 0
4 0.336 0 0
5 0.432 0 0
6 0.528 0 0
7 0.624 0 0
8 0.72 0 0
9 0.816 0 0
10 0.912 0 0
11 1.008 0 0
12 1.104 0 0
13 1.2 0 0
14 1.296 0 0
15 1.392 0 0
16 1.488 0 0
17 1.584 0 0
18 1.68 0 0
19 1.776 0 0
20 1.872 0 0
21 1.968 0 0
22 2.064 0 0
23 2.16 0.00282696 0.00117096
24 2.256 0.139942 0.0644028
25 2.352 1.47589 0.789227
26 2.448 10.7057 6.48478
27 2.544 4.98098 9.3466
28 2.64 1.72031 10.411
29 2.736 0.537431 10.7681
30 2.832 0.164464 10.8852
31 2.928 0.0923144 10.9555
32 3.024 0.0634676 11.007
33 3.12 0.0677526 11.0656
34 3.216 0.0943771 11.1522
35 3.312 0.196009 11.3431
36 3.408 0.554232 11.9145
37 3.504 2.1777 14.2881
38 3.6 0.977102 15.4122
39 3.696 0.406531 15.9052
40 3.792 0.193563 16.1522
41 3.888 0.150091 16.3536
42 3.984 0.152918 16.5691
43 4.08 0.366101 17.1101
44 4.176 1.18001 18.9368
45 4.272 5.23308 27.4145
46 4.368 2.63001 31.8689
47 4.464 1.40866 34.3607
48 4.56 0.685137 35.6253
49 4.656 0.429599 36.452
50 4.752 0.346407 37.1464
