1 0.025 0 0
2 0.075 0 0
3 0.125 0 0
4 0.175 0 0
5 0.225 0 0
6 0.275 0 0
7 0.325 0 0
8 0.375 0 0
9 0.425 0 0
10 0.475 0 0
11 0.525 0 0
12 0.575 0 0
13 0.625 0 0
14 0.675 0 0
15 0.725 0 0
16 0.775 0 0
17 0.825 0 0
18 0.875 0 0
19 0.925 0.0969498 0.044
20 0.975 0.942047 0.519
21 1.025 2.27187 1.785
22 1.075 2.68138 3.4285
23 1.125 2.43645 5.064
24 1.175 1.93172 6.4785
25 1.225 1.46818 7.647
26 1.275 1.18538 8.669
27 1.325 0.956388 9.5595
28 1.375 0.795355 10.357
29 1.425 0.725668 11.1385
30 1.475 0.629208 11.8645
31 1.525 0.623492 12.6335
32 1.575 0.622163 13.452
33 1.625 0.632311 14.3375
34 1.675 0.68317 15.354
35 1.725 0.76486 16.561
36 1.775 0.895642 18.0575
37 1.825 0.977173 19.7835
38 1.875 1.07486 21.7875
39 1.925 1.13552 24.019
40 1.975 1.20735 26.5165
41 2.025 1.21974 29.169
42 2.075 1.26064 32.0475
43 2.125 1.22499 34.981
44 2.175 1.18626 37.957
45 2.225 1.11545 40.8855
46 2.275 1.01522 43.672
47 2.325 0.966623 46.443
48 2.375 0.910641 49.167
49 2.425 0.874119 51.893
50 2.475 0.882409 54.7595
