1 0.048 0 0
2 0.144 0 0
3 0.24 0 0
4 0.336 0 0
5 0.432 0 0
6 0.528 0 0
7 0.624 0 0
8 0.72 0 0
9 0.816 0 0
10 0.912 0 0
11 1.008 0 0
12 1.104 0 0
13 1.2 0 0
14 1.296 0 0
15 1.392 0 0
16 1.488 0 0
17 1.584 0 0
18 1.68 0 0
19 1.776 0 0
20 1.872 0 0
21 1.968 0 0
22 2.064 0 0
23 2.16 0 0
24 2.256 0.170811 0.0672043
25 2.352 1.6564 0.775538
26 2.448 12.9084 6.75538
27 2.544 5.02127 9.26747
28 2.64 1.79874 10.2366
29 2.736 0.617867 10.5941
30 2.832 0.188617 10.711
31 2.928 0.0892404 10.7702
32 3.024 0.0570441 10.8105
33 3.12 0.0910996 10.879
34 3.216 0.154673 11.0027
35 3.312 0.282162 11.2419
36 3.408 0.561427 11.746
37 3.504 2.42176 14.0444
38 3.6 0.870771 14.9167
39 3.696 0.512987 15.4583
40 3.792 0.302322 15.7944
41 3.888 0.181749 16.0067
42 3.984 0.234447 16.2944
43 4.08 0.482605 16.9153
44 4.176 1.32219 18.6976
45 4.272 6.06944 27.2594
46 4.368 2.50269 30.9503
47 4.464 1.35081 33.0309
48 4.56 0.75013 34.2366
49 4.656 0.519785 35.1075
50 4.752 0.476664 35.9395
