1 0.048 0 0
2 0.144 0 0
3 0.24 0 0
4 0.336 0 0
5 0.432 0 0
6 0.528 0 0
7 0.624 0 0
8 0.72 0 0
9 0.816 0 0
10 0.912 0 0
11 1.008 0 0
12 1.104 0 0
13 1.2 0 0
14 1.296 0 0
15 1.392 0 0
16 1.488 0 0
17 1.584 0 0
18 1.68 0 0
19 1.776 0 0
20 1.872 0 0
21 1.968 0 0
22 2.064 0 0
23 2.16 0.00456608 0.0014881
24 2.256 0.121388 0.0446429
25 2.352 1.46728 0.611607
26 2.448 14.0744 6.50298
27 2.544 5.72449 9.09077
28 2.64 1.96247 10.0461
29 2.736 0.614752 10.3676
30 2.832 0.2072 10.4836
31 2.928 0.173956 10.5878
32 3.024 0.090863 10.6458
33 3.12 0.0941126 10.7098
34 3.216 0.129777 10.8036
35 3.312 0.205882 10.9613
36 3.408 0.563162 11.4182
37 3.504 2.7452 13.7723
38 3.6 0.904179 14.5908
39 3.696 0.555245 15.1205
40 3.792 0.291897 15.4137
41 3.888 0.222692 15.6488
42 3.984 0.23491 15.9092
43 4.08 0.415973 16.3929
44 4.176 1.17044 17.8185
45 4.272 6.64985 26.2946
46 4.368 2.80964 30.0387
47 4.464 1.42524 32.0223
48 4.56 0.771564 33.1429
49 4.656 0.566114 34
50 4.752 0.523658 34.8259
