1 0.048 0 0
2 0.144 0 0
3 0.24 0 0
4 0.336 0 0
5 0.432 0 0
6 0.528 0 0
7 0.624 0 0
8 0.72 0 0
9 0.816 0 0
10 0.912 0 0
11 1.008 0 0
12 1.104 0 0
13 1.2 0 0
14 1.296 0 0
15 1.392 0 0
16 1.488 0 0
17 1.584 0 0
18 1.68 0 0
19 1.776 0 0
20 1.872 0 0
21 1.968 0 0
22 2.064 0 0
23 2.16 0 0
24 2.256 0.0879256 0.0414798
25 2.352 1.48891 0.804933
26 2.448 10.0389 6.38117
27 2.544 4.63659 9.16256
28 2.64 1.80135 10.3262
29 2.736 0.581679 10.7298
30 2.832 0.242804 10.9103
31 2.928 0.128386 11.0123
32 3.024 0.0687798 11.0706
33 3.12 0.0832509 11.1457
34 3.216 0.116948 11.2578
35 3.312 0.223842 11.4854
36 3.408 0.508217 12.0325
37 3.504 1.93385 14.2332
38 3.6 0.857713 15.2635
39 3.696 0.4994 15.8957
40 3.792 0.273389 16.2601
41 3.888 0.166436 16.4933
42 3.984 0.209571 16.8016
43 4.08 0.39965 17.4182
44 4.176 1.12365 19.2343
45 4.272 4.75089 27.2702
46 4.368 2.36918 31.4596
47 4.464 1.36151 33.9742
48 4.56 0.80626 35.528
49 4.656 0.546259 36.6256
50 4.752 0.469239 37.6076
